name: /home/wangshuai/softwares/test/SpecHLA/spechla_env
channels:
  - bioconda
  - conda-forge
  - defaults
dependencies:
  - _libgcc_mutex=0.1=conda_forge
  - _openmp_mutex=4.5=2_gnu
  - _sysroot_linux-64_curr_repodata_hack=3=h69a702a_16
  - biopython=1.79=py38h0a891b7_3
  - blast=2.12.0=hf3cf87c_4
  - bzip2=1.0.8=h4bc722e_7
  - c-ares=1.32.2=h4bc722e_0
  - ca-certificates=2024.7.4=hbcca054_0
  - curl=7.88.1=hdc1c0ab_1
  - entrez-direct=22.1=he881be0_0
  - gettext=0.22.5=h59595ed_2
  - gettext-tools=0.22.5=h59595ed_2
  - htslib=1.10=h244ad75_0
  - k8=1.2=h6618dc6_1
  - kernel-headers_linux-64=3.10.0=h4a8ded7_16
  - keyutils=1.6.1=h166bdaf_0
  - krb5=1.20.1=h81ceb04_0
  - ld_impl_linux-64=2.40=hf3520f5_7
  - libasprintf=0.22.5=h661eb56_2
  - libasprintf-devel=0.22.5=h661eb56_2
  - libblas=3.9.0=22_linux64_openblas
  - libcblas=3.9.0=22_linux64_openblas
  - libcurl=7.88.1=hdc1c0ab_1
  - libdeflate=1.20=hd590300_0
  - libedit=3.1.20191231=he28a2e2_2
  - libev=4.33=hd590300_2
  - libffi=3.4.2=h7f98852_5
  - libgcc-ng=14.1.0=h77fa898_0
  - libgettextpo=0.22.5=h59595ed_2
  - libgettextpo-devel=0.22.5=h59595ed_2
  - libgfortran-ng=14.1.0=h69a702a_0
  - libgfortran5=14.1.0=hc5f4f2c_0
  - libgomp=14.1.0=h77fa898_0
  - libidn2=2.3.7=hd590300_0
  - liblapack=3.9.0=22_linux64_openblas
  - libnghttp2=1.58.0=h47da74e_1
  - libnsl=2.0.1=hd590300_0
  - libopenblas=0.3.27=pthreads_hac2b453_1
  - libsqlite=3.46.0=hde9e2c9_0
  - libssh2=1.11.0=h0841786_0
  - libstdcxx-ng=14.1.0=hc0a3c3a_0
  - libunistring=0.9.10=h7f98852_0
  - libxcrypt=4.4.36=hd590300_1
  - libzlib=1.2.13=h4ab18f5_6
  - longshot=0.4.5=hd175d40_2
  - minimap2=2.17=h5bf99c6_4
  - ncurses=6.5=h59595ed_0
  - numpy=1.24.4=py38h59b608b_0
  - openssl=3.3.1=h4bc722e_2
  - pcre=8.45=h9c3ff4c_0
  - perl=5.32.1=7_hd590300_perl5
  - perl-archive-tar=2.40=pl5321hdfd78af_0
  - perl-carp=1.50=pl5321hd8ed1ab_0
  - perl-common-sense=3.75=pl5321hd8ed1ab_0
  - perl-compress-raw-bzip2=2.201=pl5321h166bdaf_0
  - perl-compress-raw-zlib=2.202=pl5321h166bdaf_0
  - perl-encode=3.21=pl5321hd590300_0
  - perl-exporter=5.74=pl5321hd8ed1ab_0
  - perl-exporter-tiny=1.002002=pl5321hd8ed1ab_0
  - perl-extutils-makemaker=7.70=pl5321hd8ed1ab_0
  - perl-io-compress=2.201=pl5321hdbdd923_2
  - perl-io-zlib=1.14=pl5321hdfd78af_0
  - perl-json=4.10=pl5321hdfd78af_0
  - perl-json-xs=2.34=pl5321h4ac6f70_6
  - perl-list-moreutils=0.430=pl5321hdfd78af_0
  - perl-list-moreutils-xs=0.430=pl5321h031d066_2
  - perl-parent=0.241=pl5321hd8ed1ab_0
  - perl-pathtools=3.75=pl5321h166bdaf_0
  - perl-scalar-list-utils=1.63=pl5321h166bdaf_0
  - perl-storable=3.15=pl5321h166bdaf_0
  - perl-types-serialiser=1.01=pl5321hdfd78af_0
  - pip=24.0=pyhd8ed1ab_0
  - py-bgzip=0.4.0=py38h502143a_4
  - python=3.8.12=h0744224_3_cpython
  - python_abi=3.8=4_cp38
  - readline=8.2=h8228510_1
  - samtools=1.3.1=h0cf4675_11
  - setuptools=71.0.4=pyhd8ed1ab_0
  - sqlite=3.46.0=h6d4b2fc_0
  - sysroot_linux-64=2.17=h4a8ded7_16
  - tabix=1.11=hdfd78af_0
  - tk=8.6.13=noxft_h4845f30_101
  - tzdata=2024a=h0c530f3_0
  - wget=1.21.4=hda4d442_0
  - wheel=0.43.0=pyhd8ed1ab_1
  - xz=5.2.6=h166bdaf_0
  - zlib=1.2.13=h4ab18f5_6
  - zstd=1.5.6=ha6fb4c9_0
  - pip:
      - pysam==0.23.0
prefix: /home/wangshuai/softwares/test/SpecHLA/spechla_env
